0.007320
0.006909
0.006804
0.006665
0.006661
0.006677
0.006450
0.006634
0.006363
0.006736
0.006781
0.006374
0.006800
0.006447
0.006825
0.006845
0.007183
0.007157
0.006537
0.006563
0.006624
0.006533
0.006520
0.006528
0.006350
0.006198
0.006508
0.006412
0.006440
0.006852
0.006758
0.006677
0.006484
0.007076
0.006763
0.006572
0.006346
0.006255
0.006522
0.006230
0.006313
0.006569
0.006280
0.006668
0.006294
0.006252
0.006859
0.006450
0.006410
0.006131
0.006453
0.006577
0.006408
0.006476
0.006473
0.006498
0.006318
0.006552
0.006320
0.006626
0.006354
0.006675
0.006454
0.006445
0.006333
0.006386
0.006623
0.006505
0.006245
0.006421
0.006513
0.006465
0.006563
0.006403
0.006604
0.007055
0.006545
0.006555
0.006423
0.006275
0.006400
0.006316
0.006434
0.006698
0.006434
0.006313
0.006146
0.006308
0.006317
0.006074
0.006357
0.006399
0.006323
0.006252
0.006273
0.006343
0.006658
0.006424
0.006196
0.006233
