0.032063
0.030152
0.029386
0.029004
0.028926
0.028956
0.029484
0.032170
0.030041
0.029320
0.029444
0.029534
0.029167
0.029261
0.029058
0.029259
0.028983
0.028972
0.028922
0.029148
0.028821
0.029143
0.029000
0.029147
0.029536
0.029315
0.029056
0.029160
0.029210
0.028915
0.029314
0.029144
0.028894
0.029183
0.029770
0.029145
0.030607
0.029697
0.028911
0.029518
0.029987
0.029541
0.028929
0.029075
0.029148
0.029475
0.029031
0.029167
0.029862
0.028964
0.030131
0.030630
0.029553
0.028980
0.028770
0.029226
0.029311
0.029921
0.029172
0.029050
0.028976
0.029211
0.030154
0.029866
0.029361
0.030790
0.029558
0.029355
0.029988
0.029674
0.028834
0.029348
0.029098
0.029148
0.029761
0.029824
0.029580
0.029971
0.029400
0.029835
0.028913
0.029128
0.028882
0.029130
0.028858
0.028909
0.029161
0.029373
0.029030
0.029198
0.028868
0.029456
0.029028
0.029743
0.029079
0.028971
0.029142
0.029790
0.029303
0.029158
