0.011762
0.011172
0.010899
0.011209
0.011506
0.011162
0.010935
0.011115
0.011304
0.011255
0.011077
0.011078
0.010838
0.011202
0.011141
0.010865
0.010897
0.011454
0.011120
0.010758
0.010950
0.011218
0.010997
0.010884
0.011112
0.011123
0.011187
0.011209
0.010729
0.011192
0.011035
0.011276
0.010897
0.010931
0.011651
0.010948
0.010951
0.010891
0.011144
0.010961
0.011226
0.010636
0.011219
0.011208
0.011103
0.010599
0.011404
0.011071
0.010929
0.010540
0.010722
0.011048
0.010976
0.010591
0.011046
0.010783
0.010877
0.010389
0.010655
0.011689
0.011237
0.010625
0.010805
0.010683
0.010778
0.010957
0.010742
0.010601
0.011097
0.010859
0.010911
0.010624
0.011955
0.011042
0.010835
0.010636
0.011063
0.011181
0.010994
0.010804
0.010795
0.011117
0.010704
0.010758
0.011079
0.011364
0.010611
0.011026
0.010958
0.010996
0.010628
0.010760
0.010959
0.010539
0.010955
0.010945
0.010580
0.010980
0.011540
0.010732
