0.004427
0.004200
0.004029
0.003714
0.003955
0.004076
0.004582
0.003926
0.003987
0.004046
0.004119
0.004009
0.003995
0.004221
0.004128
0.004249
0.004050
0.003984
0.004166
0.004128
0.004315
0.004059
0.004139
0.004174
0.004029
0.004287
0.004337
0.004198
0.003951
0.004088
0.004009
0.003943
0.003973
0.004202
0.004128
0.003981
0.004295
0.004090
0.003917
0.003984
0.003963
0.004083
0.004226
0.004126
0.004168
0.003947
0.003868
0.004173
0.003969
0.003872
0.003772
0.003810
0.003925
0.004185
0.003976
0.003913
0.003799
0.004075
0.003907
0.004092
0.004020
0.003846
0.003946
0.003963
0.004198
0.004236
0.004391
0.004262
0.003895
0.003929
0.004093
0.004355
0.004358
0.004072
0.004136
0.004601
0.004223
0.004127
0.004218
0.004114
0.004173
0.004445
0.004410
0.003870
0.003842
0.003890
0.004055
0.004077
0.004026
0.004035
0.003994
0.003844
0.003970
0.004169
0.003926
0.004144
0.003836
0.004136
0.004179
0.004116
