0.005679
0.007735
0.005361
0.005142
0.005035
0.005109
0.004958
0.005055
0.004918
0.004674
0.004843
0.004988
0.004730
0.005020
0.004859
0.004670
0.004989
0.004750
0.004524
0.004653
0.004706
0.004852
0.004841
0.004603
0.004695
0.004769
0.004570
0.004576
0.004805
0.004669
0.004658
0.004741
0.004834
0.004542
0.004730
0.004783
0.004611
0.004668
0.004812
0.005203
0.005584
0.005104
0.004905
0.004847
0.004485
0.004747
0.004559
0.004705
0.004548
0.004968
0.004659
0.004533
0.004738
0.004702
0.004859
0.004916
0.004585
0.004715
0.004902
0.004642
0.004773
0.004755
0.004731
0.004543
0.004676
0.004978
0.004623
0.004671
0.004795
0.004765
0.004459
0.004703
0.004616
0.004603
0.004524
0.004695
0.004685
0.004756
0.004633
0.004650
0.004745
0.004821
0.004537
0.004720
0.005189
0.004810
0.004780
0.004654
0.004574
0.004825
0.004912
0.004740
0.004737
0.004709
0.004822
0.004697
0.004625
0.004804
0.004675
0.004868
