0.003614
0.003405
0.003471
0.003266
0.003122
0.002894
0.003194
0.003120
0.003739
0.003184
0.003168
0.003113
0.003253
0.003099
0.003038
0.003177
0.003072
0.002982
0.002950
0.003069
0.003087
0.002970
0.002995
0.003006
0.003064
0.002959
0.002896
0.003088
0.003148
0.002895
0.002883
0.003100
0.003111
0.002929
0.002942
0.003086
0.003110
0.003026
0.003067
0.002775
0.003096
0.002854
0.003027
0.003032
0.003069
0.003006
0.003125
0.002791
0.003093
0.003254
0.003135
0.002863
0.003062
0.002939
0.003022
0.002840
0.003064
0.002938
0.003081
0.002750
0.003077
0.002994
0.003056
0.002796
0.003101
0.003022
0.003067
0.002799
0.003092
0.002859
0.003057
0.002754
0.003071
0.003013
0.002976
0.003022
0.003096
0.002918
0.002901
0.003117
0.003082
0.003030
0.003057
0.002751
0.003100
0.002994
0.002962
0.003070
0.003064
0.003037
0.003084
0.002740
0.003091
0.003027
0.003051
0.002766
0.003102
0.003068
0.003092
0.002758
