0.013933
0.013369
0.013340
0.012938
0.013255
0.012878
0.013334
0.012708
0.012772
0.013067
0.012803
0.012951
0.012379
0.013082
0.012738
0.013160
0.012811
0.012668
0.012844
0.012975
0.013070
0.012736
0.012850
0.013199
0.012988
0.012803
0.013117
0.013193
0.013055
0.012688
0.012924
0.012764
0.012651
0.012883
0.012608
0.012700
0.012931
0.013101
0.013013
0.012838
0.012839
0.013004
0.012781
0.012834
0.013047
0.012955
0.013098
0.012577
0.012698
0.012892
0.013179
0.012894
0.012892
0.013239
0.012488
0.013119
0.012742
0.012725
0.012603
0.012921
0.012706
0.012395
0.012507
0.012801
0.012818
0.012962
0.012896
0.012855
0.013202
0.012977
0.012779
0.012894
0.012603
0.012724
0.012908
0.012854
0.012500
0.013003
0.012772
0.012886
0.012428
0.013085
0.012916
0.012974
0.012545
0.012589
0.012635
0.012837
0.012566
0.012715
0.012744
0.012472
0.012512
0.012626
0.012881
0.012732
0.013013
0.013128
0.012784
0.012610
