0.011325
0.011133
0.011296
0.012193
0.011351
0.011203
0.010668
0.010709
0.010661
0.010624
0.010683
0.011020
0.011176
0.011053
0.011053
0.010903
0.010427
0.010973
0.011002
0.011035
0.010649
0.011109
0.011076
0.010913
0.011165
0.010766
0.010847
0.010975
0.011114
0.010743
0.011424
0.011275
0.010687
0.010969
0.011203
0.011049
0.010830
0.010998
0.011054
0.011198
0.010791
0.011183
0.011082
0.010718
0.010690
0.010630
0.010841
0.010926
0.010967
0.011113
0.011146
0.010339
0.010939
0.010970
0.010681
0.011075
0.010739
0.010750
0.010557
0.011020
0.011161
0.010609
0.011213
0.011057
0.010966
0.010892
0.011102
0.011043
0.011021
0.010281
0.010756
0.010921
0.010892
0.011024
0.010946
0.010699
0.011427
0.011315
0.011019
0.010868
0.011039
0.010898
0.011137
0.011090
0.011301
0.011216
0.010962
0.010855
0.010855
0.010752
0.011191
0.010848
0.010486
0.011081
0.010808
0.010851
0.010638
0.010863
0.010805
0.010783
