0.032436
0.030376
0.029810
0.029816
0.029746
0.029289
0.029649
0.029901
0.029941
0.029806
0.029351
0.028992
0.029192
0.030071
0.029516
0.029586
0.029747
0.029439
0.029928
0.029460
0.029651
0.030056
0.029926
0.029636
0.029455
0.029591
0.029585
0.029786
0.029633
0.029851
0.030168
0.029952
0.029886
0.029920
0.029406
0.029501
0.029267
0.029667
0.029211
0.029814
0.029633
0.029372
0.029556
0.029170
0.029566
0.029744
0.029332
0.029638
0.029501
0.029616
0.029657
0.029052
0.031139
0.030387
0.029067
0.029535
0.028970
0.029222
0.029370
0.029477
0.029963
0.029605
0.029186
0.029408
0.028963
0.029393
0.029388
0.029016
0.029055
0.029116
0.029451
0.029074
0.029210
0.034643
0.030461
0.029256
0.033208
0.029958
0.028825
0.029628
0.028953
0.028914
0.029098
0.029321
0.030248
0.029376
0.029058
0.029007
0.028970
0.029286
0.029291
0.029096
0.029254
0.031184
0.031034
0.029733
0.033123
0.031271
0.029558
0.029397
