0.004658
0.004154
0.004148
0.003863
0.004148
0.004424
0.004189
0.004078
0.003979
0.004096
0.004035
0.004108
0.004228
0.004325
0.004024
0.004111
0.004234
0.004073
0.004142
0.004099
0.004122
0.004254
0.004374
0.004152
0.004400
0.004172
0.004033
0.004036
0.004106
0.004143
0.003913
0.004025
0.003878
0.003809
0.004134
0.004235
0.003816
0.004176
0.003985
0.004035
0.003781
0.003999
0.004056
0.004042
0.004065
0.003864
0.003899
0.003882
0.004070
0.004191
0.003983
0.004006
0.004002
0.003980
0.004215
0.004021
0.003843
0.004099
0.003981
0.004389
0.004547
0.004154
0.004185
0.004209
0.004150
0.004193
0.004161
0.004234
0.004298
0.004268
0.004218
0.004088
0.004311
0.004272
0.004116
0.003942
0.004026
0.004007
0.003992
0.004056
0.003848
0.004066
0.004102
0.003824
0.004027
0.004038
0.003922
0.004064
0.003892
0.004146
0.004194
0.004068
0.004035
0.003823
0.004102
0.003945
0.004115
0.004242
0.003980
0.004130
