0.005597
0.005479
0.005103
0.005006
0.005082
0.005336
0.005009
0.005509
0.005070
0.005167
0.005297
0.004749
0.004957
0.004981
0.004705
0.004961
0.004818
0.004996
0.004647
0.004839
0.004733
0.004836
0.004826
0.004866
0.004812
0.004854
0.005189
0.004698
0.004943
0.004854
0.004883
0.005030
0.004747
0.004660
0.004938
0.004834
0.004841
0.004884
0.004874
0.004800
0.004933
0.005034
0.005021
0.004882
0.004849
0.004760
0.004836
0.004737
0.004981
0.004919
0.005466
0.004858
0.005006
0.004884
0.004910
0.004878
0.004777
0.004916
0.004817
0.004919
0.005530
0.004752
0.004893
0.004916
0.005089
0.005098
0.004720
0.005418
0.004897
0.004944
0.005053
0.004897
0.004977
0.004926
0.004786
0.004839
0.004948
0.005104
0.004917
0.005028
0.005189
0.004823
0.004905
0.004942
0.004945
0.005238
0.004862
0.005139
0.005220
0.004852
0.004840
0.005096
0.005206
0.004951
0.004868
0.005036
0.004742
0.005224
0.004760
0.004964
