0.013995
0.013616
0.013596
0.013373
0.013000
0.013428
0.012934
0.013212
0.013538
0.013420
0.012983
0.012998
0.013348
0.013997
0.014658
0.013351
0.013421
0.013795
0.014159
0.013315
0.013500
0.013556
0.012570
0.013229
0.013633
0.013596
0.013291
0.013799
0.013337
0.013584
0.013285
0.012916
0.013239
0.014006
0.014066
0.013612
0.013753
0.013570
0.013057
0.014267
0.013377
0.013495
0.014426
0.013628
0.012903
0.013189
0.013486
0.013073
0.014961
0.013665
0.013343
0.013240
0.014310
0.013760
0.013789
0.013654
0.013708
0.013113
0.013582
0.013352
0.013693
0.013221
0.014040
0.013097
0.013682
0.013498
0.013634
0.013301
0.013446
0.014081
0.013897
0.013569
0.014031
0.013633
0.013954
0.013875
0.014099
0.013606
0.014071
0.013931
0.013463
0.013219
0.013827
0.013243
0.013279
0.013475
0.013297
0.013482
0.013223
0.013062
0.013231
0.012731
0.013169
0.013261
0.014598
0.013531
0.013453
0.013680
0.013788
0.013257
