0.015400
0.013440
0.012908
0.012729
0.012697
0.012762
0.012070
0.012696
0.013298
0.013119
0.013108
0.013351
0.012792
0.012499
0.012346
0.013049
0.012799
0.013020
0.011850
0.012573
0.012586
0.012770
0.012665
0.012026
0.012527
0.012994
0.012859
0.012426
0.016825
0.012611
0.013099
0.012722
0.013519
0.012958
0.013063
0.012893
0.017189
0.012816
0.012587
0.013414
0.013042
0.013022
0.012682
0.012890
0.012602
0.013297
0.013283
0.013155
0.012715
0.013216
0.012999
0.012627
0.012686
0.012964
0.012575
0.013444
0.012673
0.013188
0.015488
0.013120
0.012731
0.013174
0.012368
0.012648
0.013348
0.012921
0.013033
0.013476
0.013019
0.013146
0.012695
0.012992
0.013015
0.013546
0.012866
0.013272
0.013239
0.012838
0.012830
0.013148
0.012720
0.013072
0.013293
0.012981
0.013049
0.012788
0.012719
0.013032
0.013114
0.012674
0.012583
0.013239
0.012945
0.013296
0.012662
0.012500
0.012977
0.012698
0.013004
0.013121
