0.006501
0.005916
0.005798
0.005778
0.006523
0.006205
0.005933
0.005847
0.005603
0.005744
0.005509
0.005436
0.005345
0.005516
0.005429
0.005348
0.005573
0.005510
0.005458
0.005585
0.005464
0.005412
0.005451
0.005253
0.005370
0.005600
0.005406
0.005570
0.005706
0.005367
0.005246
0.005533
0.005425
0.005715
0.005472
0.005497
0.005694
0.005405
0.005363
0.005338
0.005523
0.005658
0.005522
0.005564
0.005325
0.005278
0.005471
0.005247
0.005306
0.005378
0.005375
0.005421
0.005233
0.005331
0.005607
0.005415
0.005471
0.005400
0.005332
0.005536
0.005442
0.005535
0.005179
0.005418
0.005479
0.005212
0.005391
0.005304
0.005229
0.005388
0.005129
0.005390
0.006358
0.005790
0.005360
0.005594
0.005416
0.005377
0.005327
0.005427
0.005328
0.005155
0.005361
0.005440
0.005120
0.005409
0.005340
0.005176
0.005221
0.005493
0.005527
0.005190
0.005497
0.005516
0.005275
0.005503
0.005779
0.005482
0.005224
0.005432
