0.003797
0.003216
0.003217
0.003250
0.003263
0.003265
0.003161
0.003197
0.003090
0.003073
0.003108
0.002810
0.003059
0.003033
0.003159
0.002874
0.002713
0.003058
0.002986
0.003173
0.003100
0.003107
0.003105
0.002968
0.003073
0.003195
0.003097
0.003100
0.003111
0.003146
0.002985
0.003106
0.003016
0.003088
0.002911
0.003092
0.003001
0.002931
0.003091
0.002958
0.002984
0.002974
0.003006
0.002992
0.002988
0.003039
0.002900
0.003046
0.002955
0.003003
0.002917
0.003013
0.002996
0.003095
0.003008
0.003028
0.002986
0.003050
0.003059
0.002896
0.003001
0.003070
0.002996
0.002991
0.002947
0.003089
0.003096
0.002960
0.002928
0.003066
0.003089
0.003016
0.002897
0.003060
0.003041
0.003000
0.002898
0.003019
0.003036
0.003000
0.002930
0.003062
0.003016
0.002904
0.002871
0.003072
0.003085
0.003034
0.002911
0.003093
0.003015
0.002897
0.002899
0.003086
0.003069
0.002964
0.002936
0.003011
0.003076
0.002930
