0.003737
0.003509
0.003907
0.003539
0.003412
0.003709
0.003764
0.003605
0.003618
0.003544
0.003482
0.003501
0.003489
0.003358
0.003519
0.003378
0.003397
0.003527
0.003210
0.003425
0.003377
0.003410
0.003265
0.003495
0.003015
0.003220
0.003209
0.003027
0.003285
0.003339
0.003019
0.002975
0.003080
0.003110
0.003054
0.003071
0.003060
0.002798
0.003067
0.002959
0.003137
0.003020
0.003001
0.002953
0.003052
0.003033
0.002992
0.002964
0.002928
0.002814
0.003092
0.003015
0.003080
0.002801
0.003016
0.002938
0.003017
0.002948
0.003042
0.002840
0.002925
0.002725
0.002987
0.002986
0.002982
0.002987
0.002994
0.002956
0.002973
0.003000
0.002980
0.002830
0.003016
0.003057
0.003074
0.002827
0.002998
0.003065
0.003029
0.002902
0.002992
0.003084
0.003037
0.002803
0.002807
0.002894
0.002930
0.003015
0.002725
0.003063
0.002889
0.002777
0.003102
0.002994
0.002841
0.002865
0.002760
0.003042
0.003021
0.002738
