0.005874
0.007565
0.005083
0.004950
0.004684
0.004906
0.004926
0.004941
0.004986
0.004847
0.004905
0.005027
0.004971
0.004764
0.004783
0.004744
0.004849
0.004938
0.004891
0.004715
0.004900
0.004728
0.004854
0.004963
0.004806
0.004727
0.004745
0.004762
0.004927
0.004715
0.004703
0.004763
0.004815
0.005103
0.004861
0.004659
0.004672
0.004805
0.004662
0.004702
0.004863
0.004907
0.004828
0.004932
0.004743
0.004775
0.004806
0.004883
0.004856
0.004670
0.004875
0.004926
0.004876
0.004793
0.004857
0.004482
0.004702
0.005087
0.004849
0.004826
0.004855
0.004790
0.005036
0.004952
0.004845
0.004499
0.004821
0.004756
0.004864
0.004780
0.004774
0.004725
0.004893
0.004766
0.004903
0.004665
0.004896
0.004921
0.004833
0.004873
0.004701
0.004676
0.004844
0.004809
0.004849
0.004640
0.004614
0.004658
0.004766
0.004625
0.004861
0.004827
0.004919
0.004652
0.004756
0.005006
0.004898
0.005164
0.004893
0.005059
