0.007650
0.007308
0.007293
0.007028
0.007230
0.007612
0.006831
0.007131
0.006591
0.006714
0.006647
0.006844
0.006776
0.006584
0.006890
0.006875
0.006943
0.006761
0.006633
0.006758
0.006912
0.006935
0.007087
0.007012
0.006886
0.006471
0.006717
0.006876
0.006604
0.006602
0.006745
0.006443
0.007083
0.006769
0.006994
0.006769
0.006755
0.006856
0.006551
0.006906
0.006704
0.007037
0.006847
0.006793
0.006979
0.006871
0.006918
0.006860
0.006635
0.006714
0.006732
0.006720
0.006708
0.006657
0.006515
0.006774
0.006670
0.006583
0.006635
0.006928
0.006824
0.006526
0.006728
0.006834
0.006465
0.006661
0.006383
0.006745
0.006665
0.006679
0.006739
0.006740
0.006866
0.006593
0.006772
0.006935
0.006494
0.006698
0.006823
0.006639
0.006733
0.006588
0.006454
0.006632
0.006735
0.006353
0.006953
0.006950
0.006462
0.007087
0.006609
0.006774
0.006595
0.006636
0.006724
0.006677
0.006736
0.007008
0.006699
0.006499
