0.011392
0.010936
0.010856
0.011730
0.011085
0.011354
0.010777
0.010535
0.011010
0.011149
0.010866
0.011214
0.010948
0.010862
0.011072
0.011149
0.010928
0.011188
0.010888
0.010829
0.010783
0.011088
0.010820
0.010721
0.011192
0.010911
0.010691
0.010718
0.010845
0.010668
0.010858
0.010967
0.011039
0.010957
0.010635
0.010926
0.011027
0.010450
0.010920
0.011103
0.011070
0.010833
0.011108
0.011412
0.010901
0.011049
0.010970
0.011038
0.011131
0.010962
0.010973
0.011123
0.010685
0.010906
0.011095
0.011072
0.010454
0.010687
0.011039
0.010901
0.010945
0.010601
0.010773
0.010774
0.010739
0.011138
0.011005
0.010975
0.011187
0.011110
0.010808
0.010903
0.010979
0.011175
0.010772
0.010854
0.010880
0.010879
0.010852
0.010855
0.011019
0.011081
0.010886
0.010623
0.010902
0.010979
0.010478
0.011166
0.010915
0.011184
0.011064
0.011042
0.011010
0.010852
0.010840
0.010919
0.011233
0.010948
0.011923
0.011426
