0.013829
0.013122
0.012902
0.013090
0.013144
0.012732
0.012811
0.013018
0.013020
0.012864
0.012821
0.013095
0.013094
0.012873
0.012691
0.012660
0.012871
0.012926
0.012750
0.012719
0.012767
0.012954
0.012857
0.012757
0.012736
0.012758
0.013050
0.012898
0.013043
0.013072
0.012929
0.012944
0.012800
0.012914
0.012965
0.012789
0.013038
0.012975
0.012748
0.013227
0.012904
0.012928
0.013065
0.012846
0.013318
0.012600
0.012700
0.012983
0.012838
0.012709
0.012792
0.012890
0.013226
0.012857
0.012549
0.012591
0.012839
0.013041
0.013034
0.012615
0.012783
0.013124
0.013097
0.012986
0.012547
0.012748
0.012851
0.013010
0.013008
0.012637
0.012839
0.012802
0.012739
0.012651
0.012553
0.013105
0.012796
0.013081
0.012949
0.012729
0.012739
0.012641
0.012879
0.013017
0.012324
0.012651
0.012685
0.012866
0.012714
0.012884
0.013065
0.012929
0.012582
0.012680
0.012632
0.012628
0.012813
0.012811
0.012857
0.013374
