0.005542
0.004738
0.004568
0.004374
0.004249
0.004433
0.004174
0.003785
0.004085
0.004045
0.003976
0.003930
0.004235
0.004947
0.004943
0.004430
0.004541
0.004472
0.004616
0.004569
0.004777
0.004732
0.004748
0.004430
0.004608
0.004404
0.004484
0.004504
0.004929
0.004290
0.004514
0.004394
0.004495
0.004401
0.004630
0.004715
0.004398
0.004484
0.004602
0.004330
0.004496
0.004382
0.004529
0.004536
0.004556
0.004398
0.004491
0.004453
0.004548
0.004499
0.004738
0.004375
0.004542
0.004368
0.004543
0.004364
0.004329
0.004485
0.004529
0.004528
0.004348
0.004511
0.004451
0.004524
0.004378
0.004680
0.004700
0.004529
0.004344
0.004441
0.004440
0.004505
0.004464
0.004869
0.004670
0.004462
0.004498
0.004457
0.004443
0.004977
0.004295
0.004930
0.004426
0.004519
0.004487
0.004419
0.004509
0.004811
0.004493
0.004499
0.004377
0.004507
0.004427
0.004583
0.004439
0.004921
0.004717
0.004413
0.004544
0.004409
