0.007127
0.007030
0.006638
0.006479
0.007113
0.007149
0.006727
0.006546
0.006563
0.006722
0.006585
0.006471
0.006389
0.006656
0.006712
0.006615
0.006398
0.006498
0.006783
0.006343
0.006608
0.006403
0.006732
0.006211
0.006508
0.006199
0.006292
0.006460
0.006440
0.006801
0.006511
0.006637
0.006306
0.006677
0.006419
0.007060
0.006688
0.006395
0.006470
0.006252
0.006485
0.006434
0.006628
0.006510
0.006535
0.006467
0.006651
0.006409
0.006473
0.006612
0.006453
0.006669
0.006379
0.006349
0.006667
0.006465
0.006641
0.006333
0.007126
0.007001
0.006591
0.006517
0.006545
0.006463
0.006407
0.006498
0.006807
0.006753
0.006472
0.006548
0.006481
0.006653
0.007240
0.006773
0.006495
0.006481
0.006652
0.006467
0.006616
0.006551
0.006780
0.006479
0.006668
0.006593
0.006273
0.006717
0.006758
0.006540
0.006553
0.006526
0.006413
0.006605
0.006566
0.006534
0.006676
0.006492
0.006434
0.006511
0.006593
0.006401
