0.006552
0.005881
0.005964
0.005811
0.006550
0.006199
0.006250
0.005819
0.005565
0.005749
0.005832
0.005693
0.005502
0.005662
0.005502
0.005642
0.005542
0.005490
0.005470
0.005449
0.005492
0.005372
0.005668
0.005412
0.005530
0.005457
0.005351
0.005499
0.005356
0.005512
0.005385
0.005493
0.005394
0.005383
0.005233
0.005438
0.005590
0.005443
0.005599
0.005395
0.005575
0.005444
0.005535
0.005382
0.005419
0.005434
0.006192
0.005688
0.005386
0.005681
0.005427
0.005638
0.005361
0.005575
0.005343
0.005293
0.005511
0.005360
0.005307
0.005501
0.005306
0.005300
0.005394
0.005302
0.005394
0.005392
0.005509
0.005430
0.005378
0.005297
0.005355
0.005490
0.005343
0.005274
0.005500
0.005367
0.005290
0.005432
0.005299
0.005405
0.005396
0.005288
0.005461
0.005284
0.005266
0.005517
0.005298
0.005257
0.005610
0.005395
0.005436
0.005363
0.005401
0.005431
0.005407
0.005510
0.005462
0.005592
0.005361
0.005381
