0.011299
0.011186
0.010791
0.010713
0.010933
0.011096
0.010891
0.010635
0.010997
0.011144
0.010647
0.011017
0.011025
0.011016
0.010818
0.011086
0.010896
0.010594
0.010853
0.010721
0.010949
0.010920
0.010938
0.010797
0.010627
0.010627
0.010944
0.010984
0.010324
0.010786
0.010719
0.010545
0.010960
0.010965
0.010766
0.010999
0.010594
0.010852
0.011021
0.011352
0.010952
0.010782
0.010938
0.010973
0.010886
0.010613
0.010801
0.010857
0.011050
0.010589
0.011514
0.010858
0.011102
0.010572
0.010984
0.010971
0.010705
0.011038
0.011173
0.011025
0.010864
0.011021
0.011290
0.011159
0.010884
0.010847
0.011053
0.010923
0.010866
0.011031
0.011121
0.010942
0.010656
0.010963
0.011111
0.011064
0.011050
0.010978
0.011019
0.011154
0.010827
0.011098
0.011052
0.011106
0.010624
0.011252
0.011064
0.011320
0.011036
0.010596
0.011080
0.011053
0.010939
0.010526
0.010880
0.010852
0.010676
0.011079
0.010824
0.010996
