0.003383
0.003299
0.003211
0.003802
0.003371
0.003122
0.003242
0.003491
0.003892
0.003519
0.003712
0.003501
0.003570
0.003274
0.003022
0.003377
0.003079
0.003355
0.003348
0.003129
0.003119
0.003315
0.003206
0.003229
0.003039
0.003284
0.003254
0.003136
0.003249
0.003071
0.003254
0.003275
0.003052
0.003212
0.002998
0.003148
0.003147
0.003184
0.003133
0.002907
0.003254
0.003173
0.003191
0.003055
0.003228
0.003270
0.003143
0.003177
0.003036
0.003145
0.003185
0.003228
0.003186
0.002951
0.003189
0.003289
0.003185
0.003241
0.003016
0.003250
0.003283
0.003174
0.003209
0.002811
0.003292
0.003211
0.003023
0.003196
0.003143
0.003245
0.003192
0.003134
0.003100
0.003187
0.003218
0.003280
0.003130
0.003025
0.003234
0.003191
0.003187
0.003141
0.003140
0.003230
0.003157
0.003096
0.003209
0.002893
0.003224
0.003208
0.003053
0.003017
0.003220
0.003232
0.003154
0.003319
0.003314
0.003175
0.003276
0.003236
