0.012546
0.012345
0.012309
0.011955
0.011628
0.011547
0.011953
0.011730
0.012348
0.014858
0.011375
0.012477
0.011841
0.012005
0.012470
0.011484
0.011873
0.011986
0.011451
0.011819
0.011833
0.012274
0.012081
0.011710
0.011423
0.011803
0.012105
0.011828
0.014050
0.012319
0.011868
0.011637
0.011617
0.011717
0.011472
0.011529
0.011646
0.013066
0.011721
0.012172
0.012074
0.011626
0.011554
0.011981
0.012306
0.011542
0.011457
0.011078
0.012143
0.011529
0.011920
0.011816
0.011713
0.011845
0.011748
0.011628
0.012128
0.011963
0.011687
0.011044
0.012827
0.011272
0.011360
0.015020
0.011523
0.012003
0.012313
0.012038
0.011799
0.011710
0.012198
0.011882
0.011782
0.012144
0.012203
0.011781
0.011744
0.011803
0.013017
0.012119
0.012478
0.011956
0.012135
0.011785
0.011818
0.012040
0.012092
0.012133
0.011754
0.011595
0.012639
0.014999
0.011864
0.012011
0.011293
0.011421
0.011690
0.011564
0.012136
0.012108
