0.003114
0.002765
0.003001
0.003300
0.002895
0.002975
0.003009
0.003096
0.002953
0.003612
0.003368
0.003544
0.003465
0.003630
0.003272
0.003113
0.002845
0.002847
0.003105
0.003037
0.002990
0.002961
0.003116
0.002925
0.002939
0.003079
0.003147
0.002949
0.002869
0.003096
0.002996
0.002822
0.003064
0.002998
0.003033
0.002954
0.003053
0.003056
0.003134
0.002919
0.002736
0.002985
0.002889
0.003015
0.002735
0.003067
0.002845
0.003091
0.002873
0.003129
0.002973
0.003043
0.002666
0.003032
0.002905
0.003020
0.002858
0.003043
0.003006
0.003167
0.002897
0.003170
0.002977
0.003042
0.002777
0.003117
0.002868
0.002858
0.003051
0.003070
0.002906
0.003109
0.003045
0.003084
0.002966
0.003082
0.002738
0.003173
0.002997
0.003059
0.002745
0.003100
0.002918
0.003073
0.003032
0.003122
0.002898
0.003005
0.003051
0.003074
0.003029
0.003024
0.002873
0.003322
0.003138
0.002987
0.003027
0.002920
0.003118
0.002977
