0.004327
0.004143
0.004206
0.004090
0.004170
0.003962
0.004768
0.004624
0.004694
0.004657
0.004234
0.004369
0.004330
0.004060
0.004098
0.004294
0.004100
0.004103
0.004163
0.004113
0.003941
0.003690
0.003677
0.003874
0.004280
0.004227
0.003943
0.003802
0.003747
0.004130
0.004085
0.004147
0.003887
0.003811
0.004105
0.004124
0.003814
0.004101
0.003929
0.004152
0.004144
0.003890
0.003979
0.004057
0.003775
0.003951
0.004403
0.004004
0.003998
0.003933
0.003897
0.003896
0.003792
0.003891
0.003577
0.003782
0.004213
0.003974
0.003917
0.003838
0.004121
0.004152
0.003886
0.003865
0.003840
0.004213
0.004090
0.004048
0.003922
0.003984
0.003930
0.004012
0.003942
0.004020
0.004129
0.004006
0.004082
0.003813
0.003887
0.004006
0.003856
0.004076
0.004112
0.004009
0.004064
0.003701
0.003795
0.004272
0.004121
0.004070
0.004042
0.004021
0.003905
0.003983
0.003929
0.004154
0.003913
0.004076
0.004061
0.003968
