0.013956
0.013425
0.013690
0.013492
0.012994
0.012782
0.012460
0.012803
0.013433
0.012849
0.013107
0.012552
0.013132
0.012748
0.012599
0.012496
0.012595
0.012465
0.012623
0.012788
0.012810
0.012767
0.012468
0.012470
0.012408
0.012890
0.012792
0.012635
0.012603
0.012217
0.012661
0.012881
0.012763
0.012683
0.012524
0.012373
0.012385
0.012665
0.012904
0.013060
0.012570
0.012727
0.012573
0.012656
0.012723
0.012921
0.012323
0.012524
0.012672
0.012935
0.013172
0.013000
0.012733
0.012597
0.012769
0.012708
0.012863
0.012787
0.012025
0.012488
0.012649
0.012995
0.012649
0.012415
0.012251
0.012318
0.012483
0.012649
0.012866
0.012632
0.012550
0.012446
0.012294
0.012794
0.012976
0.012739
0.012539
0.012566
0.012498
0.012510
0.012640
0.012981
0.012761
0.012509
0.012513
0.012776
0.012583
0.015340
0.012873
0.012659
0.012740
0.012299
0.012115
0.012654
0.012720
0.012750
0.012774
0.012864
0.012782
0.012709
