0.030799
0.029689
0.030188
0.029289
0.029296
0.029662
0.029120
0.029554
0.028912
0.028897
0.029009
0.028920
0.029333
0.029007
0.028645
0.029628
0.029727
0.028812
0.029323
0.029365
0.028919
0.028746
0.029422
0.029567
0.029106
0.029254
0.028898
0.028907
0.029169
0.029150
0.029323
0.028887
0.029296
0.029812
0.028492
0.028913
0.029045
0.028755
0.029126
0.029410
0.029158
0.029576
0.028869
0.029029
0.029039
0.029058
0.028824
0.029182
0.029312
0.029425
0.029505
0.029510
0.029005
0.028864
0.029529
0.029304
0.029446
0.028758
0.029259
0.029070
0.030039
0.029295
0.029604
0.029597
0.029465
0.028994
0.029264
0.029780
0.029270
0.029081
0.028951
0.029535
0.029189
0.029120
0.028959
0.029005
0.029107
0.028728
0.029355
0.029216
0.029472
0.029776
0.029171
0.029137
0.029758
0.029218
0.029060
0.029561
0.029117
0.029350
0.029015
0.028911
0.028884
0.028733
0.029324
0.029087
0.029054
0.030011
0.029396
0.028727
