0.013981
0.013245
0.013679
0.013611
0.012918
0.013166
0.012801
0.012861
0.012528
0.012462
0.012694
0.013077
0.012823
0.012426
0.012403
0.012415
0.012342
0.012675
0.012637
0.012785
0.012576
0.012428
0.012560
0.013025
0.012770
0.012820
0.012543
0.012665
0.012521
0.012875
0.012981
0.012816
0.012554
0.012717
0.012743
0.012538
0.013028
0.012638
0.012558
0.012943
0.012868
0.012939
0.012769
0.012123
0.012575
0.012802
0.012611
0.013164
0.012932
0.012492
0.012603
0.012855
0.012543
0.012740
0.012285
0.012499
0.012321
0.012735
0.012797
0.012887
0.012963
0.012650
0.012751
0.012640
0.012702
0.012803
0.012412
0.012300
0.012731
0.012975
0.012611
0.012607
0.012521
0.012388
0.012467
0.012754
0.012849
0.012638
0.012697
0.012629
0.012482
0.012756
0.012711
0.012909
0.012578
0.012325
0.012461
0.012387
0.012552
0.013086
0.012831
0.012705
0.012505
0.012764
0.012973
0.012592
0.012482
0.012278
0.012694
0.012770
