0.006860
0.006478
0.006518
0.006410
0.007089
0.007134
0.006871
0.006518
0.006383
0.006425
0.006468
0.006287
0.006508
0.006356
0.006172
0.006434
0.006434
0.006750
0.006342
0.006276
0.006416
0.006309
0.006444
0.006444
0.006316
0.006409
0.006421
0.006523
0.006260
0.006274
0.006695
0.006259
0.006656
0.006389
0.006167
0.006351
0.006366
0.006462
0.006549
0.006670
0.006675
0.006375
0.006397
0.006361
0.006311
0.006201
0.006445
0.006412
0.006276
0.006426
0.006645
0.006864
0.006544
0.006530
0.006240
0.006456
0.006240
0.006304
0.006576
0.006441
0.006381
0.006707
0.006210
0.006404
0.006335
0.006632
0.006136
0.006260
0.006561
0.006593
0.006585
0.006283
0.006394
0.006494
0.006460
0.006491
0.006501
0.006456
0.006825
0.006350
0.006459
0.006359
0.006493
0.006533
0.006540
0.006433
0.006314
0.006527
0.006288
0.006610
0.006359
0.006452
0.006562
0.006364
0.006382
0.006490
0.006473
0.006327
0.006115
0.006638
